9 9
-18 -24 3 -19 -15 -16 -17 -25 -25 
-24 -18 -35 -31 -35 -43 -20 -23 -36 
-18 -31 -10 -17 -13 -20 -21 -20 -16 
-100 -100 -100 -100 -100 -100 -100 -100 -100 
-19 -13 -19 -16 -29 -34 -33 -21 -18 
-23 -27 -30 -21 -12 -3 -3 -23 -33 
-29 -19 -37 -28 -20 -21 -19 -38 -44 
-100 -100 -100 -100 -100 -100 -100 -100 -100 
-37 -33 -27 -11 -9 -26 -16 -13 -30 

18 24 -3 19 15 16 17 25 25 
24 18 35 31 35 43 20 23 36 
18 31 10 17 13 20 21 20 16 
100 100 100 100 100 100 100 100 100 
19 13 19 16 29 34 33 21 18 
23 27 30 21 12 3 3 23 33 
29 19 37 28 20 21 19 38 44 
100 100 100 100 100 100 100 100 100 
37 33 27 11 9 26 16 13 30 
