9 9
-100 -100 -100 -100 -100 -100 -100 -100 -100 
-26 -20 -6 -13 -11 -14 -22 -13 -1 
-10 -15 -12 -12 5 -28 -3 -25 -25 
-13 -9 -19 -15 -9 -28 -26 -7 -8 
-100 -100 -100 -100 -100 -100 -100 -100 -100 
-21 -24 -19 -17 -9 -6 -12 -14 -9 
-28 -15 -14 -17 -20 -21 -21 -12 -21 
-18 1 -20 -21 -17 -18 -16 -7 -23 
-5 -1 -19 -19 -19 -10 -10 3 -31 

100 100 100 100 100 100 100 100 100 
26 20 6 13 11 14 22 13 1 
10 15 12 12 -5 28 3 25 25 
13 9 19 15 9 28 26 7 8 
100 100 100 100 100 100 100 100 100 
21 24 19 17 9 6 12 14 9 
28 15 14 17 20 21 21 12 21 
18 -1 20 21 17 18 16 7 23 
5 1 19 19 19 10 10 -3 31 
