9 9
-100 -100 -100 -100 -100 -100 -100 -100 -100 
-27 -14 -13 -11 -29 -15 -10 -20 -21 
-9 -3 1 -11 -12 -4 -18 -7 -29 
-21 -18 2 -3 1 -5 -15 -27 -10 
-100 -100 -100 -100 -100 -100 -100 -100 -100 
-38 -9 -31 -14 -18 -16 -6 0 -17 
-26 -14 -22 -1 -33 -13 -25 1 -16 
-18 -4 -14 -13 -8 -16 3 -27 -5 
-3 -11 -27 -15 -20 -16 -16 -5 -4 

100 100 100 100 100 100 100 100 100 
27 14 13 11 29 15 10 20 21 
9 3 -1 11 12 4 18 7 29 
21 18 -2 3 -1 5 15 27 10 
100 100 100 100 100 100 100 100 100 
38 9 31 14 18 16 6 -0 17 
26 14 22 1 33 13 25 -1 16 
18 4 14 13 8 16 -3 27 5 
3 11 27 15 20 16 16 5 4 
