9 9
-100 -100 -100 -100 -100 -100 -100 -100 -100 
-27 6 -18 -15 -23 -4 -8 2 -11 
-100 -100 -100 -100 -100 -100 -100 -100 -100 
-15 -10 -25 8 -22 -5 12 -8 -4 
-100 -100 -100 -100 -100 -100 -100 -100 -100 
10 -4 2 -15 -20 -21 -9 -20 -17 
-17 -17 -8 -15 -22 -8 -11 -23 -25 
23 -30 -13 -6 -29 -13 -24 -15 -15 
-13 -4 -1 1 -26 -16 9 -8 -15 

100 100 100 100 100 100 100 100 100 
27 -6 18 15 23 4 8 -2 11 
100 100 100 100 100 100 100 100 100 
15 10 25 -8 22 5 -12 8 4 
100 100 100 100 100 100 100 100 100 
-10 4 -2 15 20 21 9 20 17 
17 17 8 15 22 8 11 23 25 
-23 30 13 6 29 13 24 15 15 
13 4 1 -1 26 16 -9 8 15 
