9 9
-100 -100 -100 -100 -100 -100 -100 -100 -100 
-100 -100 -100 -100 -100 -100 -100 -100 -100 
-3 -12 -18 -8 -17 -31 -19 0 -20 
-24 8 -13 -17 -24 -22 -1 -22 -13 
-100 -100 -100 -100 -100 -100 -100 -100 -100 
4 -10 -10 -20 -10 -6 -22 -10 -3 
-8 -8 -27 6 -11 -12 -34 -10 -27 
-10 -9 -8 -19 -9 -17 -13 -14 -19 
-8 -11 -10 8 -26 -29 -14 -8 -12 

100 100 100 100 100 100 100 100 100 
100 100 100 100 100 100 100 100 100 
3 12 18 8 17 31 19 -0 20 
24 -8 13 17 24 22 1 22 13 
100 100 100 100 100 100 100 100 100 
-4 10 10 20 10 6 22 10 3 
8 8 27 -6 11 12 34 10 27 
10 9 8 19 9 17 13 14 19 
8 11 10 -8 26 29 14 8 12 
