9 9
-100 -100 -100 -100 -100 -100 -100 -100 -100 
-3 -23 -8 11 -9 -13 -8 -19 -13 
-8 -16 -15 -14 -1 -14 -13 -13 -17 
-6 -14 -11 -18 -30 -9 -5 -8 -10 
-100 -100 -100 -100 -100 -100 -100 -100 -100 
-25 -4 5 -15 -14 -4 -16 -15 0 
-12 -15 -1 -27 -8 -8 -9 -21 -19 
-13 -5 -16 -13 -6 -7 -17 1 -28 
-11 -13 -12 -8 -18 -1 -1 -7 -12 

100 100 100 100 100 100 100 100 100 
3 23 8 -11 9 13 8 19 13 
8 16 15 14 1 14 13 13 17 
6 14 11 18 30 9 5 8 10 
100 100 100 100 100 100 100 100 100 
25 4 -5 15 14 4 16 15 -0 
12 15 1 27 8 8 9 21 19 
13 5 16 13 6 7 17 -1 28 
11 13 12 8 18 1 1 7 12 
