9 9
-15 -14 -100 -19 -9 -23 -100 -30 -6 
2 -13 -100 -15 -13 0 -100 -22 -15 
-14 4 -100 -25 -29 -6 -100 -25 -8 
-100 -100 -100 -100 -100 -100 -100 -100 -100 
-10 -7 -100 0 -28 -16 -100 -11 -11 
-9 -11 -100 -15 -21 -16 -100 -5 -25 
-10 -15 -100 2 -9 -9 -100 -8 6 
-100 -100 -100 -100 -100 -100 -100 -100 -100 
-10 -27 -100 -9 -12 -17 -100 -18 -9 

15 14 100 19 9 23 100 30 6 
-2 13 100 15 13 -0 100 22 15 
14 -4 100 25 29 6 100 25 8 
100 100 100 100 100 100 100 100 100 
10 7 100 -0 28 16 100 11 11 
9 11 100 15 21 16 100 5 25 
10 15 100 -2 9 9 100 8 -6 
100 100 100 100 100 100 100 100 100 
10 27 100 9 12 17 100 18 9 
