9 9
-100 -100 -100 -100 -100 -100 -100 -100 -100 
-3 -17 -14 -2 -10 -15 -22 -17 -16 
2 -11 -11 -20 -2 -18 -4 -4 -3 
-3 -6 -26 -10 -12 -11 -30 -22 -22 
-100 -100 -100 -100 -100 -100 -100 -100 -100 
4 -21 -19 -22 -4 -5 12 -14 -15 
-20 -27 -16 -7 -24 -22 -5 -16 -17 
19 -25 -38 -19 -17 -18 -29 -20 -6 
-21 0 -18 -6 -30 -11 -4 2 -12 

100 100 100 100 100 100 100 100 100 
3 17 14 2 10 15 22 17 16 
-2 11 11 20 2 18 4 4 3 
3 6 26 10 12 11 30 22 22 
100 100 100 100 100 100 100 100 100 
-4 21 19 22 4 5 -12 14 15 
20 27 16 7 24 22 5 16 17 
-19 25 38 19 17 18 29 20 6 
21 -0 18 6 30 11 4 -2 12 
