9 9
-100 -100 -100 -100 -100 -100 -100 -100 -100 
-1 -15 -19 -26 -100 -100 -100 -100 -100 
-13 -27 -17 -18 -100 -100 -100 -100 -100 
-25 -15 -16 -16 -100 -100 -100 -100 -100 
-100 -100 -100 -100 -100 -100 -100 -100 -100 
-22 -17 -33 -24 -100 -100 -100 -100 -100 
-19 -29 -20 -20 -100 -100 -100 -100 -100 
-15 -27 -33 -18 -100 -100 -100 -100 -100 
-28 -28 -9 -10 -100 -100 -100 -100 -100 

100 100 100 100 100 100 100 100 100 
1 15 19 26 100 100 100 100 100 
13 27 17 18 100 100 100 100 100 
25 15 16 16 100 100 100 100 100 
100 100 100 100 100 100 100 100 100 
22 17 33 24 100 100 100 100 100 
19 29 20 20 100 100 100 100 100 
15 27 33 18 100 100 100 100 100 
28 28 9 10 100 100 100 100 100 
