9 9
-39 -11 0 -26 -12 -29 -7 -9 -28 
-14 -6 -23 -35 -28 -31 -23 -30 -29 
-16 -2 -11 -3 -12 -13 -23 -16 -3 
-14 0 -51 -18 -11 -20 -22 -20 -23 
-8 -27 -35 -9 -26 -12 -17 -20 -14 
-18 -25 -23 -24 4 -10 -17 -34 -5 
-24 -20 -12 -24 -16 -12 -26 -19 -12 
0 -5 -17 2 -9 -17 -18 -14 -25 
-17 -20 -6 2 -26 -36 -21 -27 -10 

39 11 -0 26 12 29 7 9 28 
14 6 23 35 28 31 23 30 29 
16 2 11 3 12 13 23 16 3 
14 -0 51 18 11 20 22 20 23 
8 27 35 9 26 12 17 20 14 
18 25 23 24 -4 10 17 34 5 
24 20 12 24 16 12 26 19 12 
-0 5 17 -2 9 17 18 14 25 
17 20 6 -2 26 36 21 27 10 
