9 9
-28 -28 -24 -25 -10 -9 -24 -25 -33 
-38 -59 -37 -27 -28 -51 -9 -29 -39 
-18 -22 -29 -28 -21 -30 -17 -22 -20 
-100 -100 -100 -100 -100 -100 -100 -100 -100 
-24 -29 -45 -31 -21 -13 -25 -31 -32 
-34 -29 -21 -15 -27 -29 -25 -16 -15 
-38 -29 -31 -14 -35 -24 -33 -20 -34 
-100 -100 -100 -100 -100 -100 -100 -100 -100 
-26 -33 -31 -31 -49 -16 -32 -34 -23 

28 28 24 25 10 9 24 25 33 
38 59 37 27 28 51 9 29 39 
18 22 29 28 21 30 17 22 20 
100 100 100 100 100 100 100 100 100 
24 29 45 31 21 13 25 31 32 
34 29 21 15 27 29 25 16 15 
38 29 31 14 35 24 33 20 34 
100 100 100 100 100 100 100 100 100 
26 33 31 31 49 16 32 34 23 
