9 9
-100 -100 -100 -100 -100 -100 -100 -100 -100 
-22 -23 -3 -5 6 -4 -12 11 7 
-12 -23 -3 9 3 -6 -3 -22 -14 
-19 -9 -17 -24 -7 -28 -12 -31 -18 
-100 -100 -100 -100 -100 -100 -100 -100 -100 
9 -10 5 -6 -17 -16 -24 -18 -44 
7 -15 20 1 -15 -17 -18 -7 -20 
1 -5 -17 -14 -19 2 -12 -27 -6 
-3 -5 -8 -24 -13 -11 -13 -15 -11 

100 100 100 100 100 100 100 100 100 
22 23 3 5 -6 4 12 -11 -7 
12 23 3 -9 -3 6 3 22 14 
19 9 17 24 7 28 12 31 18 
100 100 100 100 100 100 100 100 100 
-9 10 -5 6 17 16 24 18 44 
-7 15 -20 -1 15 17 18 7 20 
-1 5 17 14 19 -2 12 27 6 
3 5 8 24 13 11 13 15 11 
