9 9
-100 -100 -100 -100 -100 -100 -100 -100 -100 
2 -4 -18 -30 -8 -19 -6 -23 -26 
-100 -100 -100 -100 -100 -100 -100 -100 -100 
-12 -26 -14 -10 -9 -12 -9 0 -4 
-100 -100 -100 -100 -100 -100 -100 -100 -100 
-14 -16 -16 8 -11 7 -8 -5 -16 
-15 -6 -18 -12 -16 -30 -7 -22 -14 
-15 -13 0 -15 -12 -5 -13 -7 10 
-12 -31 -6 -9 7 -10 -14 -34 -7 

100 100 100 100 100 100 100 100 100 
-2 4 18 30 8 19 6 23 26 
100 100 100 100 100 100 100 100 100 
12 26 14 10 9 12 9 -0 4 
100 100 100 100 100 100 100 100 100 
14 16 16 -8 11 -7 8 5 16 
15 6 18 12 16 30 7 22 14 
15 13 -0 15 12 5 13 7 -10 
12 31 6 9 -7 10 14 34 7 
