9 9
-100 -100 -100 -100 -100 -100 -100 -100 -100 
-14 -26 0 -21 -9 -5 -20 -21 -15 
-27 -26 -14 -21 -13 -7 -21 -16 -14 
-18 -19 -27 -17 -9 -28 -27 -17 -32 
-100 -100 -100 -100 -100 -100 -100 -100 -100 
-17 -17 -28 -32 -18 -20 -16 -24 -24 
-28 -17 -14 -28 -7 -27 -15 -35 -18 
-3 -13 -13 -37 -23 -17 -15 -25 -29 
-8 -31 -9 -22 -25 0 -23 -25 -33 

100 100 100 100 100 100 100 100 100 
14 26 -0 21 9 5 20 21 15 
27 26 14 21 13 7 21 16 14 
18 19 27 17 9 28 27 17 32 
100 100 100 100 100 100 100 100 100 
17 17 28 32 18 20 16 24 24 
28 17 14 28 7 27 15 35 18 
3 13 13 37 23 17 15 25 29 
8 31 9 22 25 -0 23 25 33 
