9 9
-30 -2 9 -20 -1 6 -11 16 -30 
0 -13 -27 -13 -6 -27 -6 -14 -19 
16 -7 -11 -9 3 3 -7 -13 -21 
-19 -5 -7 -29 -15 10 -5 -11 -1 
-10 -14 1 -26 -32 -17 -7 -21 -26 
-15 -12 -2 -24 -9 -4 -10 -15 -12 
-1 -11 -28 -9 -20 -9 -18 -9 -6 
-19 -8 -9 -28 6 -17 -15 -16 -8 
-10 -27 -5 -11 -9 -22 -29 -13 2 

30 2 -9 20 1 -6 11 -16 30 
-0 13 27 13 6 27 6 14 19 
-16 7 11 9 -3 -3 7 13 21 
19 5 7 29 15 -10 5 11 1 
10 14 -1 26 32 17 7 21 26 
15 12 2 24 9 4 10 15 12 
1 11 28 9 20 9 18 9 6 
19 8 9 28 -6 17 15 16 8 
10 27 5 11 9 22 29 13 -2 
