9 9
-100 -100 -100 -100 -100 -100 -100 -100 -100 
-25 -22 -21 -5 -28 -15 -27 -10 -6 
-18 -31 -28 -33 -27 -18 -18 -18 -18 
-33 -31 -28 -27 -10 -25 -22 -22 -14 
-100 -100 -100 -100 -100 -100 -100 -100 -100 
-23 -22 -13 -16 -31 -22 -33 -19 -25 
-8 -29 -15 -4 -20 -18 -18 -29 -51 
-12 -19 -45 -20 -13 -47 -24 -23 -12 
-21 -27 -8 -16 -20 -24 -18 -33 -17 

100 100 100 100 100 100 100 100 100 
25 22 21 5 28 15 27 10 6 
18 31 28 33 27 18 18 18 18 
33 31 28 27 10 25 22 22 14 
100 100 100 100 100 100 100 100 100 
23 22 13 16 31 22 33 19 25 
8 29 15 4 20 18 18 29 51 
12 19 45 20 13 47 24 23 12 
21 27 8 16 20 24 18 33 17 
