9 9
-100 -20 -1 -12 -100 -1 18 3 2 
-100 -100 -100 -100 -100 -100 -100 -100 -100 
-100 3 19 -7 -100 15 -8 -3 7 
-100 -100 -100 -100 -100 -100 -100 -100 -100 
-100 -4 4 -9 -100 -3 6 -11 -8 
-100 -100 -100 -100 -100 -100 -100 -100 -100 
-100 -17 -7 0 -100 -9 -16 1 -9 
-100 -100 -100 -100 -100 -100 -100 -100 -100 
-100 -11 5 1 -100 12 2 -5 9 

100 20 1 12 100 1 -18 -3 -2 
100 100 100 100 100 100 100 100 100 
100 -3 -19 7 100 -15 8 3 -7 
100 100 100 100 100 100 100 100 100 
100 4 -4 9 100 3 -6 11 8 
100 100 100 100 100 100 100 100 100 
100 17 7 -0 100 9 16 -1 9 
100 100 100 100 100 100 100 100 100 
100 11 -5 -1 100 -12 -2 5 -9 
