9 9
-100 -100 -100 -100 -100 -100 -100 -100 -100 
-26 -9 -6 -17 2 -4 16 0 -16 
-19 -13 -17 17 -16 6 -9 -11 -7 
7 -9 -10 -11 -28 -23 -23 -5 9 
-100 -100 -100 -100 -100 -100 -100 -100 -100 
-7 -14 -5 -8 -11 3 -19 -18 -6 
-17 -39 -9 -11 -2 16 -25 -9 -9 
3 -1 -3 -12 -31 -11 -8 -16 -15 
-1 -5 -4 3 -1 -11 -22 0 -12 

100 100 100 100 100 100 100 100 100 
26 9 6 17 -2 4 -16 -0 16 
19 13 17 -17 16 -6 9 11 7 
-7 9 10 11 28 23 23 5 -9 
100 100 100 100 100 100 100 100 100 
7 14 5 8 11 -3 19 18 6 
17 39 9 11 2 -16 25 9 9 
-3 1 3 12 31 11 8 16 15 
1 5 4 -3 1 11 22 -0 12 
