9 9
-100 -100 -100 -100 -100 -100 -100 -100 -100 
4 -7 -2 -6 1 -7 -5 -8 -23 
-28 -7 -11 -23 5 -5 5 -5 -16 
-23 13 -9 -16 -13 -15 -24 0 4 
-100 -100 -100 -100 -100 -100 -100 -100 -100 
-7 -7 -9 8 13 3 -9 -17 -11 
12 0 -15 -8 1 -9 -5 15 -20 
-13 -13 -7 -6 -15 4 9 -3 -15 
5 5 -9 -10 -3 -23 0 0 -1 

100 100 100 100 100 100 100 100 100 
-4 7 2 6 -1 7 5 8 23 
28 7 11 23 -5 5 -5 5 16 
23 -13 9 16 13 15 24 -0 -4 
100 100 100 100 100 100 100 100 100 
7 7 9 -8 -13 -3 9 17 11 
-12 -0 15 8 -1 9 5 -15 20 
13 13 7 6 15 -4 -9 3 15 
-5 -5 9 10 3 23 -0 -0 1 
