9 9
-100 -100 -100 -100 -100 -100 -100 -100 -100 
-24 -5 -11 -14 -100 -100 -100 -100 -100 
-6 -8 -33 -12 -100 -100 -100 -100 -100 
-20 -3 -3 -22 -100 -100 -100 -100 -100 
-100 -100 -100 -100 -100 -100 -100 -100 -100 
-8 -8 -14 -9 -100 -100 -100 -100 -100 
-8 -7 6 -19 -100 -100 -100 -100 -100 
-7 1 -21 -27 -100 -100 -100 -100 -100 
-6 -13 10 -13 -100 -100 -100 -100 -100 

100 100 100 100 100 100 100 100 100 
24 5 11 14 100 100 100 100 100 
6 8 33 12 100 100 100 100 100 
20 3 3 22 100 100 100 100 100 
100 100 100 100 100 100 100 100 100 
8 8 14 9 100 100 100 100 100 
8 7 -6 19 100 100 100 100 100 
7 -1 21 27 100 100 100 100 100 
6 13 -10 13 100 100 100 100 100 
