9 9
-100 -100 -100 -100 -100 -100 -100 -100 -100 
-15 -9 -18 -11 -100 -100 -100 -100 -100 
-21 -10 21 -21 -100 -100 -100 -100 -100 
-4 -7 1 -23 -100 -100 -100 -100 -100 
-100 -100 -100 -100 -100 -100 -100 -100 -100 
-1 -20 -10 -16 -100 -100 -100 -100 -100 
-2 -26 -4 -14 -100 -100 -100 -100 -100 
-24 -9 -5 -7 -100 -100 -100 -100 -100 
-8 -9 -13 -15 -100 -100 -100 -100 -100 

100 100 100 100 100 100 100 100 100 
15 9 18 11 100 100 100 100 100 
21 10 -21 21 100 100 100 100 100 
4 7 -1 23 100 100 100 100 100 
100 100 100 100 100 100 100 100 100 
1 20 10 16 100 100 100 100 100 
2 26 4 14 100 100 100 100 100 
24 9 5 7 100 100 100 100 100 
8 9 13 15 100 100 100 100 100 
