9 9
-100 -100 -100 -100 -100 -100 -100 -100 -100 
-24 -10 5 -14 -1 -4 -5 -20 -3 
-13 6 -12 -8 4 2 1 -14 -9 
-8 0 -8 6 -5 -16 1 5 -16 
-100 -100 -100 -100 -100 -100 -100 -100 -100 
-15 -17 -29 -15 -7 -16 -11 -2 -9 
-6 -5 -15 -25 -8 -6 -15 -2 -4 
17 -8 1 5 6 -18 -16 -16 -18 
-10 -29 -2 -16 -1 -5 -12 -17 4 

100 100 100 100 100 100 100 100 100 
24 10 -5 14 1 4 5 20 3 
13 -6 12 8 -4 -2 -1 14 9 
8 -0 8 -6 5 16 -1 -5 16 
100 100 100 100 100 100 100 100 100 
15 17 29 15 7 16 11 2 9 
6 5 15 25 8 6 15 2 4 
-17 8 -1 -5 -6 18 16 16 18 
10 29 2 16 1 5 12 17 -4 
