9 9
3 -3 -28 -9 -9 -7 -18 -4 -18 
-14 -17 -22 -23 -4 -6 -11 -5 -7 
-12 -3 2 -4 -2 -6 -4 -5 -5 
-10 -10 -25 5 -8 -9 -20 -27 -19 
-14 -20 -5 -33 -24 -7 -7 -19 -32 
-9 -12 -14 -23 -6 -21 -23 2 -7 
-11 -14 1 -22 -15 -40 -18 -31 -16 
-1 1 -8 -15 -1 -5 -14 -8 -5 
-10 -6 -17 -13 -16 9 -9 -15 -17 

-3 3 28 9 9 7 18 4 18 
14 17 22 23 4 6 11 5 7 
12 3 -2 4 2 6 4 5 5 
10 10 25 -5 8 9 20 27 19 
14 20 5 33 24 7 7 19 32 
9 12 14 23 6 21 23 -2 7 
11 14 -1 22 15 40 18 31 16 
1 -1 8 15 1 5 14 8 5 
10 6 17 13 16 -9 9 15 17 
