9 9
-100 -100 -100 -100 -100 -100 -100 -100 -100 
-27 -18 -4 -30 -8 6 -4 -23 -10 
4 -4 2 -3 -13 -9 -2 -11 -18 
-21 -20 -2 6 -2 10 -27 -19 -14 
-100 -100 -100 -100 -100 -100 -100 -100 -100 
-20 -32 -28 -5 -12 -4 -25 -17 -15 
-17 -15 -12 0 -5 -13 -17 -1 -15 
-35 -16 -13 -15 -15 -12 -15 -27 -14 
-14 -1 -17 6 -13 -9 -23 -1 -17 

100 100 100 100 100 100 100 100 100 
27 18 4 30 8 -6 4 23 10 
-4 4 -2 3 13 9 2 11 18 
21 20 2 -6 2 -10 27 19 14 
100 100 100 100 100 100 100 100 100 
20 32 28 5 12 4 25 17 15 
17 15 12 -0 5 13 17 1 15 
35 16 13 15 15 12 15 27 14 
14 1 17 -6 13 9 23 1 17 
