9 9
-100 -100 -100 -100 -100 -100 -100 -100 -100 
-14 -7 -100 -27 -11 -5 -27 -16 -9 
-12 -11 -100 5 -6 6 -10 -19 -23 
-12 -6 -100 -15 -14 -16 -18 -22 -26 
-100 -100 -100 -100 -100 -100 -100 -100 -100 
-15 -19 -100 -29 -30 -16 -7 3 -13 
-21 -25 -100 -45 -12 -8 -9 -11 -8 
-17 -13 -100 -5 -8 -11 -8 5 -26 
-25 -6 -100 -26 -20 -35 -6 -34 -16 

100 100 100 100 100 100 100 100 100 
14 7 100 27 11 5 27 16 9 
12 11 100 -5 6 -6 10 19 23 
12 6 100 15 14 16 18 22 26 
100 100 100 100 100 100 100 100 100 
15 19 100 29 30 16 7 -3 13 
21 25 100 45 12 8 9 11 8 
17 13 100 5 8 11 8 -5 26 
25 6 100 26 20 35 6 34 16 
