9 9
-100 -100 -100 -100 -100 -100 -100 -100 -100 
-1 -12 -100 -12 -100 -100 -100 -100 -100 
-13 -9 -100 -12 -100 -100 -100 -100 -100 
-11 -18 -100 -12 -100 -100 -100 -100 -100 
-100 -100 -100 -100 -100 -100 -100 -100 -100 
-19 -15 -100 -1 -100 -100 -100 -100 -100 
-18 -16 -100 -20 -100 -100 -100 -100 -100 
1 7 -100 -15 -100 -100 -100 -100 -100 
-19 -10 -100 -3 -100 -100 -100 -100 -100 

100 100 100 100 100 100 100 100 100 
1 12 100 12 100 100 100 100 100 
13 9 100 12 100 100 100 100 100 
11 18 100 12 100 100 100 100 100 
100 100 100 100 100 100 100 100 100 
19 15 100 1 100 100 100 100 100 
18 16 100 20 100 100 100 100 100 
-1 -7 100 15 100 100 100 100 100 
19 10 100 3 100 100 100 100 100 
