9 9
-100 -100 -100 -100 -100 -100 -100 -100 -100 
-17 -8 -25 -17 -19 -22 -20 -14 -23 
-13 -15 -4 -5 -15 -7 -12 -21 -28 
-21 -12 -18 -18 -14 -1 -33 -11 -19 
-100 -100 -100 -100 -100 -100 -100 -100 -100 
-28 -15 -8 -23 -29 -38 -24 -12 -12 
-9 -16 -9 -24 -20 -14 -25 -11 -23 
-13 -16 -7 -28 -6 -25 -10 -21 -9 
-23 -26 -17 -29 -28 -26 -11 -22 -18 

100 100 100 100 100 100 100 100 100 
17 8 25 17 19 22 20 14 23 
13 15 4 5 15 7 12 21 28 
21 12 18 18 14 1 33 11 19 
100 100 100 100 100 100 100 100 100 
28 15 8 23 29 38 24 12 12 
9 16 9 24 20 14 25 11 23 
13 16 7 28 6 25 10 21 9 
23 26 17 29 28 26 11 22 18 
