9 9
-100 -100 -100 -100 -100 -100 -100 -100 -100 
-13 -15 -7 -21 -9 -32 -17 -17 -4 
-11 -14 -24 -10 -7 -11 -13 -4 -10 
-3 -7 4 -7 -8 -22 -11 -4 -23 
-100 -100 -100 -100 -100 -100 -100 -100 -100 
-18 -26 -25 -18 -14 -9 -19 -14 -11 
-20 -3 -23 -7 -20 -28 -30 -18 -11 
-17 -3 -29 -7 -2 -13 5 -14 -6 
-2 -6 -16 -15 -10 -11 -14 -2 -15 

100 100 100 100 100 100 100 100 100 
13 15 7 21 9 32 17 17 4 
11 14 24 10 7 11 13 4 10 
3 7 -4 7 8 22 11 4 23 
100 100 100 100 100 100 100 100 100 
18 26 25 18 14 9 19 14 11 
20 3 23 7 20 28 30 18 11 
17 3 29 7 2 13 -5 14 6 
2 6 16 15 10 11 14 2 15 
