9 9
4 2 -12 -4 -12 -7 -3 1 -9 
-100 -100 -100 -100 -100 -100 -100 -100 -100 
13 0 -20 -17 0 1 16 17 -9 
-100 -100 -100 -100 -100 -100 -100 -100 -100 
4 -5 -5 -6 11 -4 -6 12 -7 
-5 -27 -31 -6 4 -3 -23 19 -7 
8 -6 3 -5 -14 -4 3 9 6 
-100 -100 -100 -100 -100 -100 -100 -100 -100 
-9 -4 2 -20 -2 14 1 -17 -22 

-4 -2 12 4 12 7 3 -1 9 
100 100 100 100 100 100 100 100 100 
-13 -0 20 17 -0 -1 -16 -17 9 
100 100 100 100 100 100 100 100 100 
-4 5 5 6 -11 4 6 -12 7 
5 27 31 6 -4 3 23 -19 7 
-8 6 -3 5 14 4 -3 -9 -6 
100 100 100 100 100 100 100 100 100 
9 4 -2 20 2 -14 -1 17 22 
