9 9
-100 -100 -100 -100 -100 -100 -100 -100 -100 
-18 -18 -9 9 3 -10 -10 -10 -3 
-9 -18 -2 0 14 -20 -7 1 -15 
-10 -19 -10 -3 -6 7 -4 -14 -22 
-100 -100 -100 -100 -100 -100 -100 -100 -100 
-100 -100 -100 -100 -100 -100 -100 -100 -100 
-100 -100 -100 -100 -100 -100 -100 -100 -100 
-100 -100 -100 -100 -100 -100 -100 -100 -100 
-100 -100 -100 -100 -100 -100 -100 -100 -100 

100 100 100 100 100 100 100 100 100 
18 18 9 -9 -3 10 10 10 3 
9 18 2 -0 -14 20 7 -1 15 
10 19 10 3 6 -7 4 14 22 
100 100 100 100 100 100 100 100 100 
100 100 100 100 100 100 100 100 100 
100 100 100 100 100 100 100 100 100 
100 100 100 100 100 100 100 100 100 
100 100 100 100 100 100 100 100 100 
