9 9
-100 -100 -100 -100 -100 -100 -100 -100 -100 
-5 -25 -6 -22 -100 -100 -100 -100 -100 
-22 -6 -8 -23 -100 -100 -100 -100 -100 
-21 -37 -27 -19 -100 -100 -100 -100 -100 
-100 -100 -100 -100 -100 -100 -100 -100 -100 
-14 -33 -30 -26 -100 -100 -100 -100 -100 
-33 -5 -19 -9 -100 -100 -100 -100 -100 
-20 -9 -11 -18 -100 -100 -100 -100 -100 
-24 -20 -15 -20 -100 -100 -100 -100 -100 

100 100 100 100 100 100 100 100 100 
5 25 6 22 100 100 100 100 100 
22 6 8 23 100 100 100 100 100 
21 37 27 19 100 100 100 100 100 
100 100 100 100 100 100 100 100 100 
14 33 30 26 100 100 100 100 100 
33 5 19 9 100 100 100 100 100 
20 9 11 18 100 100 100 100 100 
24 20 15 20 100 100 100 100 100 
