9 9
-100 -100 -100 -100 -100 -100 -100 -100 -100 
-16 -17 -12 -100 -100 -100 -100 -100 -100 
-3 17 -24 -100 -100 -100 -100 -100 -100 
-5 12 -19 -100 -100 -100 -100 -100 -100 
-100 -100 -100 -100 -100 -100 -100 -100 -100 
-1 -16 -23 -100 -100 -100 -100 -100 -100 
0 -2 -4 -100 -100 -100 -100 -100 -100 
3 -2 -25 -100 -100 -100 -100 -100 -100 
7 -8 -17 -100 -100 -100 -100 -100 -100 

100 100 100 100 100 100 100 100 100 
16 17 12 100 100 100 100 100 100 
3 -17 24 100 100 100 100 100 100 
5 -12 19 100 100 100 100 100 100 
100 100 100 100 100 100 100 100 100 
1 16 23 100 100 100 100 100 100 
-0 2 4 100 100 100 100 100 100 
-3 2 25 100 100 100 100 100 100 
-7 8 17 100 100 100 100 100 100 
