9 9
-100 -100 -100 -100 -100 -100 -100 -100 -100 
-100 -16 -7 -11 -100 -100 -100 -100 -100 
-100 -2 0 -29 -100 -100 -100 -100 -100 
-100 -13 -7 -16 -100 -100 -100 -100 -100 
-100 -100 -100 -100 -100 -100 -100 -100 -100 
-100 -21 -8 -45 -100 -100 -100 -100 -100 
-100 -11 7 -3 -100 -100 -100 -100 -100 
-100 -23 -4 -14 -100 -100 -100 -100 -100 
-100 -21 -8 -16 -100 -100 -100 -100 -100 

100 100 100 100 100 100 100 100 100 
100 16 7 11 100 100 100 100 100 
100 2 -0 29 100 100 100 100 100 
100 13 7 16 100 100 100 100 100 
100 100 100 100 100 100 100 100 100 
100 21 8 45 100 100 100 100 100 
100 11 -7 3 100 100 100 100 100 
100 23 4 14 100 100 100 100 100 
100 21 8 16 100 100 100 100 100 
