9 9
-100 -100 -100 -100 -100 -100 -100 -100 -100 
7 -12 -18 -17 -100 -100 -100 -100 -100 
-9 -15 -28 -4 -100 -100 -100 -100 -100 
-20 -19 -20 -23 -100 -100 -100 -100 -100 
-100 -100 -100 -100 -100 -100 -100 -100 -100 
-28 -21 -16 -13 -100 -100 -100 -100 -100 
-25 -10 -29 -22 -100 -100 -100 -100 -100 
-20 -8 -12 -43 -100 -100 -100 -100 -100 
-24 -23 -15 -12 -100 -100 -100 -100 -100 

100 100 100 100 100 100 100 100 100 
-7 12 18 17 100 100 100 100 100 
9 15 28 4 100 100 100 100 100 
20 19 20 23 100 100 100 100 100 
100 100 100 100 100 100 100 100 100 
28 21 16 13 100 100 100 100 100 
25 10 29 22 100 100 100 100 100 
20 8 12 43 100 100 100 100 100 
24 23 15 12 100 100 100 100 100 
