9 9
-100 -100 -100 -100 -100 -100 -100 -100 -100 
-9 -100 -10 12 -21 -2 -11 -4 10 
1 -100 -9 -19 -6 5 -9 -21 2 
2 -100 -3 1 -3 -2 1 16 10 
-100 -100 -100 -100 -100 -100 -100 -100 -100 
-16 -100 -12 -5 -17 1 -15 -3 -17 
-5 -100 -6 -1 8 -22 -3 -15 8 
-5 -100 -7 -11 -1 15 6 -7 -9 
5 -100 1 -6 -13 -9 7 -17 7 

100 100 100 100 100 100 100 100 100 
9 100 10 -12 21 2 11 4 -10 
-1 100 9 19 6 -5 9 21 -2 
-2 100 3 -1 3 2 -1 -16 -10 
100 100 100 100 100 100 100 100 100 
16 100 12 5 17 -1 15 3 17 
5 100 6 1 -8 22 3 15 -8 
5 100 7 11 1 -15 -6 7 9 
-5 100 -1 6 13 9 -7 17 -7 
