9 9
-100 -100 -100 -100 -100 -100 -100 -100 -100 
-27 -24 -2 -22 -8 -15 -31 4 -34 
-1 -25 -17 -5 -19 -6 -27 -15 -16 
-15 -28 -12 -34 -10 -15 0 -13 -3 
-100 -100 -100 -100 -100 -100 -100 -100 -100 
-16 -8 -11 -22 5 -7 -31 -17 -24 
-15 -17 -17 -7 -32 -16 -5 -8 -20 
-18 -18 -5 -16 -15 -24 1 5 0 
-22 -7 -23 -13 -17 -19 -21 -6 -23 

100 100 100 100 100 100 100 100 100 
27 24 2 22 8 15 31 -4 34 
1 25 17 5 19 6 27 15 16 
15 28 12 34 10 15 -0 13 3 
100 100 100 100 100 100 100 100 100 
16 8 11 22 -5 7 31 17 24 
15 17 17 7 32 16 5 8 20 
18 18 5 16 15 24 -1 -5 -0 
22 7 23 13 17 19 21 6 23 
