9 9
-100 -100 -100 -100 -100 -100 -100 -100 -100 
-14 9 -100 -14 -2 -10 20 -3 -7 
8 5 -100 1 -8 -16 -1 -3 -15 
-6 -7 -100 -18 -7 -18 -16 -8 -2 
-100 -100 -100 -100 -100 -100 -100 -100 -100 
-17 -11 -100 -12 5 5 -14 -13 -3 
-7 9 -100 -6 -20 -5 12 -3 6 
-1 -6 -100 -29 -17 1 2 2 -22 
-9 -8 -100 -7 -12 -18 10 -7 -16 

100 100 100 100 100 100 100 100 100 
14 -9 100 14 2 10 -20 3 7 
-8 -5 100 -1 8 16 1 3 15 
6 7 100 18 7 18 16 8 2 
100 100 100 100 100 100 100 100 100 
17 11 100 12 -5 -5 14 13 3 
7 -9 100 6 20 5 -12 3 -6 
1 6 100 29 17 -1 -2 -2 22 
9 8 100 7 12 18 -10 7 16 
