9 9
-100 -100 -100 -100 -100 -100 -100 -100 -100 
-21 -13 -7 -5 -100 -100 -100 -100 -100 
-10 -29 -9 -22 -100 -100 -100 -100 -100 
-31 -37 -38 -22 -100 -100 -100 -100 -100 
-100 -100 -100 -100 -100 -100 -100 -100 -100 
-14 -23 -11 -31 -100 -100 -100 -100 -100 
-25 -12 -29 -22 -100 -100 -100 -100 -100 
7 -17 -9 -33 -100 -100 -100 -100 -100 
-11 -10 -41 -24 -100 -100 -100 -100 -100 

100 100 100 100 100 100 100 100 100 
21 13 7 5 100 100 100 100 100 
10 29 9 22 100 100 100 100 100 
31 37 38 22 100 100 100 100 100 
100 100 100 100 100 100 100 100 100 
14 23 11 31 100 100 100 100 100 
25 12 29 22 100 100 100 100 100 
-7 17 9 33 100 100 100 100 100 
11 10 41 24 100 100 100 100 100 
