9 9
-100 -100 -100 -100 -100 -100 -100 -100 -100 
-8 -38 -9 -23 -100 -100 -100 -100 -100 
-1 -7 -12 -19 -100 -100 -100 -100 -100 
-14 -21 -1 -21 -100 -100 -100 -100 -100 
-100 -100 -100 -100 -100 -100 -100 -100 -100 
-8 -21 -11 -21 -100 -100 -100 -100 -100 
-10 6 -2 -25 -100 -100 -100 -100 -100 
-13 -36 -11 -8 -100 -100 -100 -100 -100 
-23 -10 -21 -22 -100 -100 -100 -100 -100 

100 100 100 100 100 100 100 100 100 
8 38 9 23 100 100 100 100 100 
1 7 12 19 100 100 100 100 100 
14 21 1 21 100 100 100 100 100 
100 100 100 100 100 100 100 100 100 
8 21 11 21 100 100 100 100 100 
10 -6 2 25 100 100 100 100 100 
13 36 11 8 100 100 100 100 100 
23 10 21 22 100 100 100 100 100 
