9 9
-100 -26 -30 -25 -100 -27 -23 -21 -43 
-100 -100 -100 -100 -100 -100 -100 -100 -100 
-100 -21 -40 -27 -100 -34 -20 -24 -27 
-100 -100 -100 -100 -100 -100 -100 -100 -100 
-100 -26 -34 -23 -100 -14 -33 -16 -19 
-100 -100 -100 -100 -100 -100 -100 -100 -100 
-100 -19 -33 -35 -100 -12 -20 -33 -28 
-100 -100 -100 -100 -100 -100 -100 -100 -100 
-100 -34 -28 -37 -100 -13 -17 -36 -39 

100 26 30 25 100 27 23 21 43 
100 100 100 100 100 100 100 100 100 
100 21 40 27 100 34 20 24 27 
100 100 100 100 100 100 100 100 100 
100 26 34 23 100 14 33 16 19 
100 100 100 100 100 100 100 100 100 
100 19 33 35 100 12 20 33 28 
100 100 100 100 100 100 100 100 100 
100 34 28 37 100 13 17 36 39 
