9 9
-19 -100 -10 -34 -25 -100 -36 -33 -42 
-12 -100 4 -37 -24 -100 -20 -7 -20 
-100 -100 -100 -100 -100 -100 -100 -100 -100 
-100 -100 -100 -100 -100 -100 -100 -100 -100 
-15 -100 -32 -29 -21 -100 -12 -31 -10 
-13 -100 -15 -15 -2 -100 -21 -25 -17 
-21 -100 -23 -15 -25 -100 -23 -19 -40 
-100 -100 -100 -100 -100 -100 -100 -100 -100 
-11 -100 -10 -7 -22 -100 -1 -16 -22 

19 100 10 34 25 100 36 33 42 
12 100 -4 37 24 100 20 7 20 
100 100 100 100 100 100 100 100 100 
100 100 100 100 100 100 100 100 100 
15 100 32 29 21 100 12 31 10 
13 100 15 15 2 100 21 25 17 
21 100 23 15 25 100 23 19 40 
100 100 100 100 100 100 100 100 100 
11 100 10 7 22 100 1 16 22 
