9 9
-100 -100 -100 -100 -100 -100 -100 -100 -100 
-100 -100 -100 -100 -100 -100 -100 -100 -100 
-100 -14 -100 -100 -23 4 -6 12 -8 
-100 -8 -100 -100 -15 -10 -4 -1 -11 
-100 -100 -100 -100 -100 -100 -100 -100 -100 
-100 -2 -100 -100 -29 -26 -8 -3 -11 
-100 -10 -100 -100 -5 -2 3 -9 -24 
-100 2 -100 -100 -20 -1 -11 -3 -20 
-100 -8 -100 -100 -10 -12 -13 -14 -7 

100 100 100 100 100 100 100 100 100 
100 100 100 100 100 100 100 100 100 
100 14 100 100 23 -4 6 -12 8 
100 8 100 100 15 10 4 1 11 
100 100 100 100 100 100 100 100 100 
100 2 100 100 29 26 8 3 11 
100 10 100 100 5 2 -3 9 24 
100 -2 100 100 20 1 11 3 20 
100 8 100 100 10 12 13 14 7 
