9 9
-100 -100 -100 -100 -100 -100 -100 -100 -100 
-25 -13 -100 -5 -27 -6 -27 -12 -12 
-8 -20 -100 -12 -23 -24 -28 -9 -24 
-24 -14 -100 -12 -24 -9 -14 -21 -22 
-100 -100 -100 -100 -100 -100 -100 -100 -100 
-36 -29 -100 -31 4 -10 -30 -25 -13 
-31 -34 -100 -20 -11 -14 -15 -29 -25 
-14 -22 -100 -18 -25 -20 -18 -24 -31 
-14 -2 -100 -39 -34 -15 -17 -10 -27 

100 100 100 100 100 100 100 100 100 
25 13 100 5 27 6 27 12 12 
8 20 100 12 23 24 28 9 24 
24 14 100 12 24 9 14 21 22 
100 100 100 100 100 100 100 100 100 
36 29 100 31 -4 10 30 25 13 
31 34 100 20 11 14 15 29 25 
14 22 100 18 25 20 18 24 31 
14 2 100 39 34 15 17 10 27 
