9 9
-8 -16 -16 -20 -2 -5 -20 -22 -19 
-22 1 -1 -22 -1 -10 -19 -14 -20 
-11 -10 -31 -13 -24 -12 -21 -10 -21 
-19 -6 -4 3 -19 -17 -10 -14 -21 
-9 -9 -9 -23 -14 -20 -20 -26 -9 
-21 -29 -7 -16 -22 -27 -21 -20 -21 
-12 -20 -19 -41 -20 -30 -21 -30 -21 
-5 -20 -1 -16 -16 -24 -25 -24 -10 
-13 -26 -3 -31 -4 -24 -15 -14 -21 

8 16 16 20 2 5 20 22 19 
22 -1 1 22 1 10 19 14 20 
11 10 31 13 24 12 21 10 21 
19 6 4 -3 19 17 10 14 21 
9 9 9 23 14 20 20 26 9 
21 29 7 16 22 27 21 20 21 
12 20 19 41 20 30 21 30 21 
5 20 1 16 16 24 25 24 10 
13 26 3 31 4 24 15 14 21 
