9 9
-100 -100 -100 -100 -100 -100 -100 -100 -100 
-100 7 -33 -17 -40 -2 -18 -13 -6 
-100 -100 -100 -100 -100 -100 -100 -100 -100 
-100 -22 -9 -11 -28 -2 9 -16 6 
-100 -100 -100 -100 -100 -100 -100 -100 -100 
-100 -19 -16 7 -22 -1 -4 -12 -11 
-100 -11 -16 -24 -16 -11 -16 -10 -2 
-100 -20 -9 -7 -19 -17 -12 -19 -19 
-100 -13 -16 -10 -13 -14 6 2 -34 

100 100 100 100 100 100 100 100 100 
100 -7 33 17 40 2 18 13 6 
100 100 100 100 100 100 100 100 100 
100 22 9 11 28 2 -9 16 -6 
100 100 100 100 100 100 100 100 100 
100 19 16 -7 22 1 4 12 11 
100 11 16 24 16 11 16 10 2 
100 20 9 7 19 17 12 19 19 
100 13 16 10 13 14 -6 -2 34 
