9 9
-100 -100 -100 -100 -100 -100 -100 -100 -100 
-16 -26 -12 -17 -33 -33 -35 -10 -15 
-2 -10 -21 -31 -9 -23 -23 -28 -34 
-5 -19 -7 -16 -16 -43 -29 -26 -15 
-100 -100 -100 -100 -100 -100 -100 -100 -100 
-29 -17 -13 -28 -12 -16 -23 -11 -16 
-29 -23 -16 -10 -19 -17 -25 -25 -26 
-19 -28 -33 -26 -23 -23 -26 -5 -14 
-16 -27 -15 -45 -19 -18 -23 -22 -16 

100 100 100 100 100 100 100 100 100 
16 26 12 17 33 33 35 10 15 
2 10 21 31 9 23 23 28 34 
5 19 7 16 16 43 29 26 15 
100 100 100 100 100 100 100 100 100 
29 17 13 28 12 16 23 11 16 
29 23 16 10 19 17 25 25 26 
19 28 33 26 23 23 26 5 14 
16 27 15 45 19 18 23 22 16 
