9 9
-100 -100 -100 -100 -100 -100 -100 -100 -100 
-19 -16 -16 -26 -18 -21 -17 -30 -38 
-13 -18 7 -35 -17 -31 -24 -18 -7 
-38 -12 -22 -16 -15 -35 -20 -16 -9 
-100 -100 -100 -100 -100 -100 -100 -100 -100 
-29 -6 -26 -31 -38 -26 -13 -24 -21 
-30 -27 -20 -16 -30 -24 -31 -32 -24 
-22 -16 -37 -36 -33 -19 -16 -6 -13 
-15 -22 -11 -8 -6 5 -16 -17 -16 

100 100 100 100 100 100 100 100 100 
19 16 16 26 18 21 17 30 38 
13 18 -7 35 17 31 24 18 7 
38 12 22 16 15 35 20 16 9 
100 100 100 100 100 100 100 100 100 
29 6 26 31 38 26 13 24 21 
30 27 20 16 30 24 31 32 24 
22 16 37 36 33 19 16 6 13 
15 22 11 8 6 -5 16 17 16 
