9 9
-100 -100 -100 -100 -100 -100 -100 -100 -100 
-1 22 -5 17 -10 -1 -12 -9 -16 
6 -24 -5 -5 -17 0 2 -3 2 
8 6 -16 6 1 -8 2 -10 -8 
-100 -100 -100 -100 -100 -100 -100 -100 -100 
-13 -1 -4 2 -5 7 -1 8 -14 
-2 3 0 -3 -1 1 -11 -15 -9 
-18 -9 -21 15 10 -22 -9 3 1 
-7 3 -2 -3 -10 -2 -10 -11 -4 

100 100 100 100 100 100 100 100 100 
1 -22 5 -17 10 1 12 9 16 
-6 24 5 5 17 -0 -2 3 -2 
-8 -6 16 -6 -1 8 -2 10 8 
100 100 100 100 100 100 100 100 100 
13 1 4 -2 5 -7 1 -8 14 
2 -3 -0 3 1 -1 11 15 9 
18 9 21 -15 -10 22 9 -3 -1 
7 -3 2 3 10 2 10 11 4 
