9 9
-100 -100 -100 -100 -100 -100 -100 -100 -100 
-10 -14 -6 -3 19 -8 -20 -6 6 
-10 2 -13 25 12 -7 -13 -10 6 
3 -4 1 -6 -6 -20 -11 -7 12 
-100 -100 -100 -100 -100 -100 -100 -100 -100 
2 0 -14 4 -2 9 5 3 1 
17 0 5 -11 -10 -7 -2 -8 -10 
-10 -22 -9 2 -7 -9 -11 0 -8 
-14 -1 -20 -1 5 -14 6 15 2 

100 100 100 100 100 100 100 100 100 
10 14 6 3 -19 8 20 6 -6 
10 -2 13 -25 -12 7 13 10 -6 
-3 4 -1 6 6 20 11 7 -12 
100 100 100 100 100 100 100 100 100 
-2 -0 14 -4 2 -9 -5 -3 -1 
-17 -0 -5 11 10 7 2 8 10 
10 22 9 -2 7 9 11 -0 8 
14 1 20 1 -5 14 -6 -15 -2 
