9 9
-100 -100 -100 -100 -100 -100 -100 -100 -100 
6 6 14 -7 6 -1 5 -16 -14 
-11 -5 -9 12 -19 18 6 -10 8 
9 0 -5 -7 -11 12 -10 -6 -32 
-100 -100 -100 -100 -100 -100 -100 -100 -100 
-8 -2 -9 0 -6 9 -3 -6 -22 
12 3 -21 -9 -3 -9 -19 -8 1 
9 5 3 -9 -18 -13 -4 20 0 
-7 11 -16 -6 -9 2 -12 14 -20 

100 100 100 100 100 100 100 100 100 
-6 -6 -14 7 -6 1 -5 16 14 
11 5 9 -12 19 -18 -6 10 -8 
-9 -0 5 7 11 -12 10 6 32 
100 100 100 100 100 100 100 100 100 
8 2 9 -0 6 -9 3 6 22 
-12 -3 21 9 3 9 19 8 -1 
-9 -5 -3 9 18 13 4 -20 -0 
7 -11 16 6 9 -2 12 -14 20 
