9 9
-100 -100 -100 -100 -100 -100 -100 -100 -100 
-2 -9 -9 -15 -21 -13 -20 -24 -34 
-12 -17 2 -2 -22 -10 -22 -13 -4 
-1 -21 -22 -19 -16 -14 -34 -24 -18 
-100 -100 -100 -100 -100 -100 -100 -100 -100 
-13 -28 -19 0 -10 -35 -14 -3 -7 
-27 3 -25 -34 -6 -6 -16 -23 -13 
-17 -12 -5 -18 -15 -31 -12 -27 -18 
-8 -3 -12 -15 -29 -25 -24 -2 -23 

100 100 100 100 100 100 100 100 100 
2 9 9 15 21 13 20 24 34 
12 17 -2 2 22 10 22 13 4 
1 21 22 19 16 14 34 24 18 
100 100 100 100 100 100 100 100 100 
13 28 19 -0 10 35 14 3 7 
27 -3 25 34 6 6 16 23 13 
17 12 5 18 15 31 12 27 18 
8 3 12 15 29 25 24 2 23 
