9 9
-100 -100 -100 -100 -100 -100 -100 -100 -100 
-12 -4 -16 -23 2 -1 8 2 -7 
-6 3 -2 -10 -23 -1 -24 -19 -11 
-100 -100 -100 -100 -100 -100 -100 -100 -100 
5 -6 1 -18 -7 -1 -1 -1 -8 
12 -14 2 -5 -13 -8 -7 -1 -13 
6 -10 3 -3 -6 5 -14 -22 -10 
-100 -100 -100 -100 -100 -100 -100 -100 -100 
-18 -26 2 -10 -3 12 -13 -22 -11 

100 100 100 100 100 100 100 100 100 
12 4 16 23 -2 1 -8 -2 7 
6 -3 2 10 23 1 24 19 11 
100 100 100 100 100 100 100 100 100 
-5 6 -1 18 7 1 1 1 8 
-12 14 -2 5 13 8 7 1 13 
-6 10 -3 3 6 -5 14 22 10 
100 100 100 100 100 100 100 100 100 
18 26 -2 10 3 -12 13 22 11 
