9 9
-100 -100 -100 -100 -100 -100 -100 -100 -100 
-100 -11 -18 -15 -27 -9 3 1 -2 
-100 -5 -9 -5 -18 -25 -24 -2 -15 
-100 -16 -10 -30 -6 -18 -13 -21 -9 
-100 -100 -100 -100 -100 -100 -100 -100 -100 
-100 -11 -17 -25 -11 -16 -21 -41 -9 
-100 -25 -11 -9 -17 -5 -25 -13 -14 
-100 -11 -21 -18 7 -22 -26 -8 -8 
-100 -34 -12 -14 -19 -18 -37 -17 -9 

100 100 100 100 100 100 100 100 100 
100 11 18 15 27 9 -3 -1 2 
100 5 9 5 18 25 24 2 15 
100 16 10 30 6 18 13 21 9 
100 100 100 100 100 100 100 100 100 
100 11 17 25 11 16 21 41 9 
100 25 11 9 17 5 25 13 14 
100 11 21 18 -7 22 26 8 8 
100 34 12 14 19 18 37 17 9 
