9 9
-100 -100 -100 -100 -100 -100 -100 -100 -100 
-100 -17 -8 -16 -9 -6 -25 -5 -3 
-100 -3 7 -20 -12 -7 -1 -3 -29 
-100 -12 -19 -14 -8 11 -12 -6 -22 
-100 -100 -100 -100 -100 -100 -100 -100 -100 
-100 -20 -1 -16 8 -8 -5 -9 -21 
-100 -5 -5 -22 -4 -7 3 -3 -7 
-100 -21 -14 -15 -31 -18 -15 -15 -8 
-100 -4 -2 -19 -18 -31 -5 -20 -9 

100 100 100 100 100 100 100 100 100 
100 17 8 16 9 6 25 5 3 
100 3 -7 20 12 7 1 3 29 
100 12 19 14 8 -11 12 6 22 
100 100 100 100 100 100 100 100 100 
100 20 1 16 -8 8 5 9 21 
100 5 5 22 4 7 -3 3 7 
100 21 14 15 31 18 15 15 8 
100 4 2 19 18 31 5 20 9 
