9 9
-100 -100 -100 -100 -100 -100 -100 -100 -100 
5 -15 11 -2 4 13 -10 -21 -14 
19 -10 11 5 -2 -4 -14 -16 -3 
-5 -9 -2 -7 4 4 -25 5 -10 
-100 -100 -100 -100 -100 -100 -100 -100 -100 
0 -3 -12 -17 -2 -8 -12 0 -21 
3 -22 -5 -6 15 -16 -5 0 -15 
-1 11 15 -7 -21 -9 -7 -15 -1 
10 -8 10 9 -6 10 -4 -18 -14 

100 100 100 100 100 100 100 100 100 
-5 15 -11 2 -4 -13 10 21 14 
-19 10 -11 -5 2 4 14 16 3 
5 9 2 7 -4 -4 25 -5 10 
100 100 100 100 100 100 100 100 100 
-0 3 12 17 2 8 12 -0 21 
-3 22 5 6 -15 16 5 -0 15 
1 -11 -15 7 21 9 7 15 1 
-10 8 -10 -9 6 -10 4 18 14 
