9 9
-100 -100 -100 -100 -100 -100 -100 -100 -100 
-10 -1 -100 3 -100 -100 -100 -100 -100 
-15 -5 -100 -26 -100 -100 -100 -100 -100 
-11 -25 -100 -5 -100 -100 -100 -100 -100 
-100 -100 -100 -100 -100 -100 -100 -100 -100 
-29 -21 -100 -7 -100 -100 -100 -100 -100 
-2 -36 -100 -9 -100 -100 -100 -100 -100 
8 -1 -100 3 -100 -100 -100 -100 -100 
-12 5 -100 -8 -100 -100 -100 -100 -100 

100 100 100 100 100 100 100 100 100 
10 1 100 -3 100 100 100 100 100 
15 5 100 26 100 100 100 100 100 
11 25 100 5 100 100 100 100 100 
100 100 100 100 100 100 100 100 100 
29 21 100 7 100 100 100 100 100 
2 36 100 9 100 100 100 100 100 
-8 1 100 -3 100 100 100 100 100 
12 -5 100 8 100 100 100 100 100 
