9 9
-100 -100 -100 -100 -100 -100 -100 -100 -100 
-100 -17 -100 -15 -13 -9 -35 -23 -9 
-100 -13 -100 -22 -13 -22 -20 -30 -19 
-100 -22 -100 -18 -24 -13 -25 -26 -28 
-100 -100 -100 -100 -100 -100 -100 -100 -100 
-100 -13 -100 -30 -30 -21 -27 -33 -22 
-100 -11 -100 -26 -8 -29 -20 -36 -26 
-100 -13 -100 -25 -14 -15 -8 -15 -26 
-100 -23 -100 -4 -9 -29 -15 -17 -19 

100 100 100 100 100 100 100 100 100 
100 17 100 15 13 9 35 23 9 
100 13 100 22 13 22 20 30 19 
100 22 100 18 24 13 25 26 28 
100 100 100 100 100 100 100 100 100 
100 13 100 30 30 21 27 33 22 
100 11 100 26 8 29 20 36 26 
100 13 100 25 14 15 8 15 26 
100 23 100 4 9 29 15 17 19 
