9 9
-100 -100 -100 -100 -100 -100 -100 -100 -100 
3 6 -100 -11 -2 0 -18 -12 1 
-6 -7 -100 -8 -24 6 -7 -23 -9 
5 -17 -100 -4 -10 8 16 -4 -2 
-100 -100 -100 -100 -100 -100 -100 -100 -100 
0 -21 -100 -2 -1 6 6 -11 -34 
-4 -23 -100 -34 0 2 3 -13 -24 
-2 -13 -100 -13 -1 -15 2 -17 -8 
-19 16 -100 -1 -10 5 -5 -9 -17 

100 100 100 100 100 100 100 100 100 
-3 -6 100 11 2 -0 18 12 -1 
6 7 100 8 24 -6 7 23 9 
-5 17 100 4 10 -8 -16 4 2 
100 100 100 100 100 100 100 100 100 
-0 21 100 2 1 -6 -6 11 34 
4 23 100 34 -0 -2 -3 13 24 
2 13 100 13 1 15 -2 17 8 
19 -16 100 1 10 -5 5 9 17 
