9 9
-4 -14 2 -24 -8 6 -18 -19 -9 
-18 -23 -17 -2 -13 -9 -19 3 -3 
-18 -10 0 1 -22 -7 -15 -19 -2 
-100 -100 -100 -100 -100 -100 -100 -100 -100 
-21 -12 -12 -11 -12 -9 -27 -28 -15 
-17 -23 -21 -3 -4 -17 3 -15 -21 
-25 -12 0 -17 -16 -23 -20 -7 -26 
-100 -100 -100 -100 -100 -100 -100 -100 -100 
-13 -16 -14 -11 -15 -9 -15 -18 -14 

4 14 -2 24 8 -6 18 19 9 
18 23 17 2 13 9 19 -3 3 
18 10 -0 -1 22 7 15 19 2 
100 100 100 100 100 100 100 100 100 
21 12 12 11 12 9 27 28 15 
17 23 21 3 4 17 -3 15 21 
25 12 -0 17 16 23 20 7 26 
100 100 100 100 100 100 100 100 100 
13 16 14 11 15 9 15 18 14 
