9 9
-2 -19 3 -14 -10 -24 3 0 -1 
-100 -100 -100 -100 -100 -100 -100 -100 -100 
-2 2 2 -18 -12 2 2 4 -22 
-100 -100 -100 -100 -100 -100 -100 -100 -100 
1 -20 -2 -3 -3 -13 -8 -11 -8 
-20 -11 -17 -27 -2 16 -37 -26 -18 
-7 -2 9 -10 15 -9 -27 3 -5 
-100 -100 -100 -100 -100 -100 -100 -100 -100 
-10 -13 -4 0 -18 -12 -23 -18 -12 

2 19 -3 14 10 24 -3 -0 1 
100 100 100 100 100 100 100 100 100 
2 -2 -2 18 12 -2 -2 -4 22 
100 100 100 100 100 100 100 100 100 
-1 20 2 3 3 13 8 11 8 
20 11 17 27 2 -16 37 26 18 
7 2 -9 10 -15 9 27 -3 5 
100 100 100 100 100 100 100 100 100 
10 13 4 -0 18 12 23 18 12 
