9 9
-100 -100 -100 -100 -100 -100 -100 -100 -100 
-10 -6 14 0 -8 -11 -12 5 9 
10 4 -12 6 -4 -3 -11 4 -4 
-100 -100 -100 -100 -100 -100 -100 -100 -100 
-100 -100 -100 -100 -100 -100 -100 -100 -100 
-1 -7 -16 -6 11 -7 -12 13 -13 
-18 -14 -25 -6 -2 3 -15 -3 1 
-6 -15 -22 9 -19 6 -20 -9 -12 
-5 -6 -13 -9 7 -5 -2 -9 -7 

100 100 100 100 100 100 100 100 100 
10 6 -14 -0 8 11 12 -5 -9 
-10 -4 12 -6 4 3 11 -4 4 
100 100 100 100 100 100 100 100 100 
100 100 100 100 100 100 100 100 100 
1 7 16 6 -11 7 12 -13 13 
18 14 25 6 2 -3 15 3 -1 
6 15 22 -9 19 -6 20 9 12 
5 6 13 9 -7 5 2 9 7 
