9 9
-100 -100 -100 -100 -100 -100 -100 -100 -100 
-17 -27 -10 -13 -100 -100 -100 -100 -100 
-10 -23 -14 -18 -100 -100 -100 -100 -100 
-6 -2 -27 -35 -100 -100 -100 -100 -100 
-100 -100 -100 -100 -100 -100 -100 -100 -100 
-13 -22 -21 -17 -100 -100 -100 -100 -100 
-12 -22 -43 -6 -100 -100 -100 -100 -100 
-20 -17 -12 -4 -100 -100 -100 -100 -100 
-19 -16 -16 -8 -100 -100 -100 -100 -100 

100 100 100 100 100 100 100 100 100 
17 27 10 13 100 100 100 100 100 
10 23 14 18 100 100 100 100 100 
6 2 27 35 100 100 100 100 100 
100 100 100 100 100 100 100 100 100 
13 22 21 17 100 100 100 100 100 
12 22 43 6 100 100 100 100 100 
20 17 12 4 100 100 100 100 100 
19 16 16 8 100 100 100 100 100 
