9 9
-100 -100 -100 -100 -100 -100 -100 -100 -100 
-33 -39 -25 -36 -35 -34 -30 -24 -37 
-5 -41 -52 -43 -25 -37 -27 -46 -28 
-100 -100 -100 -100 -100 -100 -100 -100 -100 
-100 -100 -100 -100 -100 -100 -100 -100 -100 
-36 -39 -56 -28 -45 -40 -43 -50 -37 
-38 -15 -33 -49 -49 -32 -42 -39 -31 
-100 -100 -100 -100 -100 -100 -100 -100 -100 
-28 -8 -37 -40 -40 -29 -22 -30 -38 

100 100 100 100 100 100 100 100 100 
33 39 25 36 35 34 30 24 37 
5 41 52 43 25 37 27 46 28 
100 100 100 100 100 100 100 100 100 
100 100 100 100 100 100 100 100 100 
36 39 56 28 45 40 43 50 37 
38 15 33 49 49 32 42 39 31 
100 100 100 100 100 100 100 100 100 
28 8 37 40 40 29 22 30 38 
