9 9
7 -4 1 0 -1 -14 9 7 6 
-14 -1 4 -13 10 -1 3 -6 -5 
4 5 6 -13 10 8 -13 2 13 
-100 -100 -100 -100 -100 -100 -100 -100 -100 
-12 -19 -10 -7 10 -14 -8 -8 6 
1 14 -18 10 4 1 -6 -2 -12 
-11 5 -14 -20 -11 -8 4 9 7 
-100 -100 -100 -100 -100 -100 -100 -100 -100 
-7 9 6 -14 -5 -3 -14 11 13 

-7 4 -1 -0 1 14 -9 -7 -6 
14 1 -4 13 -10 1 -3 6 5 
-4 -5 -6 13 -10 -8 13 -2 -13 
100 100 100 100 100 100 100 100 100 
12 19 10 7 -10 14 8 8 -6 
-1 -14 18 -10 -4 -1 6 2 12 
11 -5 14 20 11 8 -4 -9 -7 
100 100 100 100 100 100 100 100 100 
7 -9 -6 14 5 3 14 -11 -13 
