9 9
-100 -100 -100 -100 -100 -100 -100 -100 -100 
-3 -7 -8 -13 -8 -2 -5 -29 -16 
-6 -23 -8 -2 -6 -4 -15 -3 -1 
-100 -100 -100 -100 -100 -100 -100 -100 -100 
-100 -100 -100 -100 -100 -100 -100 -100 -100 
-16 -9 8 -14 -3 -9 -8 -13 -27 
-13 -32 -10 -25 -14 -16 -4 -6 -17 
-5 -6 -1 -5 -13 3 -23 4 -22 
-8 -36 -21 -4 -9 -18 -25 2 -9 

100 100 100 100 100 100 100 100 100 
3 7 8 13 8 2 5 29 16 
6 23 8 2 6 4 15 3 1 
100 100 100 100 100 100 100 100 100 
100 100 100 100 100 100 100 100 100 
16 9 -8 14 3 9 8 13 27 
13 32 10 25 14 16 4 6 17 
5 6 1 5 13 -3 23 -4 22 
8 36 21 4 9 18 25 -2 9 
