9 9
-100 -100 -100 -100 -100 -100 -100 -100 -100 
9 6 1 -18 -27 -17 -7 -8 5 
-13 -7 -11 -16 -8 9 -3 12 -6 
3 -14 -9 -13 -8 -2 2 -8 -23 
-100 -100 -100 -100 -100 -100 -100 -100 -100 
-5 -2 -2 -18 -17 -6 7 -12 -6 
-20 11 -7 -3 1 -2 -17 8 -2 
-18 2 -20 -1 -13 -6 -11 0 -2 
4 -4 5 -25 2 -12 4 -3 5 

100 100 100 100 100 100 100 100 100 
-9 -6 -1 18 27 17 7 8 -5 
13 7 11 16 8 -9 3 -12 6 
-3 14 9 13 8 2 -2 8 23 
100 100 100 100 100 100 100 100 100 
5 2 2 18 17 6 -7 12 6 
20 -11 7 3 -1 2 17 -8 2 
18 -2 20 1 13 6 11 -0 2 
-4 4 -5 25 -2 12 -4 3 -5 
