9 9
1 -1 -100 0 12 -7 -100 -6 -5 
-2 -3 -100 8 -1 -4 -100 7 -16 
-16 4 -100 -16 -18 7 -100 -7 0 
-100 -100 -100 -100 -100 -100 -100 -100 -100 
9 -21 -100 -1 -20 -11 -100 -18 -14 
2 17 -100 -2 -22 -16 -100 -17 6 
16 -13 -100 -5 -21 -12 -100 -31 19 
-100 -100 -100 -100 -100 -100 -100 -100 -100 
-8 -9 -100 -17 14 -9 -100 0 -12 

-1 1 100 -0 -12 7 100 6 5 
2 3 100 -8 1 4 100 -7 16 
16 -4 100 16 18 -7 100 7 -0 
100 100 100 100 100 100 100 100 100 
-9 21 100 1 20 11 100 18 14 
-2 -17 100 2 22 16 100 17 -6 
-16 13 100 5 21 12 100 31 -19 
100 100 100 100 100 100 100 100 100 
8 9 100 17 -14 9 100 -0 12 
