9 9
-100 -100 -100 -100 -100 -100 -100 -100 -100 
-9 -16 -100 2 3 -7 24 -13 -9 
-12 8 -100 -28 -23 -1 -18 -16 -3 
-8 -30 -100 -1 0 6 -12 -32 -14 
-100 -100 -100 -100 -100 -100 -100 -100 -100 
-9 11 -100 2 -8 -19 4 -14 -26 
-16 -12 -100 -1 -23 -11 -10 -18 -23 
-8 -27 -100 -13 -9 -26 -15 -13 -1 
-8 0 -100 -10 -21 8 -11 -9 -24 

100 100 100 100 100 100 100 100 100 
9 16 100 -2 -3 7 -24 13 9 
12 -8 100 28 23 1 18 16 3 
8 30 100 1 -0 -6 12 32 14 
100 100 100 100 100 100 100 100 100 
9 -11 100 -2 8 19 -4 14 26 
16 12 100 1 23 11 10 18 23 
8 27 100 13 9 26 15 13 1 
8 -0 100 10 21 -8 11 9 24 
