9 9
-100 -100 -100 -100 -100 -100 -100 -100 -100 
-12 -12 -6 1 15 3 -4 7 -6 
-7 11 -3 -19 -16 -5 1 1 -1 
-100 -100 -100 -100 -100 -100 -100 -100 -100 
-100 -100 -100 -100 -100 -100 -100 -100 -100 
14 5 8 -15 -4 -18 -23 -16 -6 
-28 -5 -8 -9 -5 10 -10 -1 -5 
-4 -2 -25 -7 22 -9 7 -15 -14 
1 -18 -14 -2 -23 -5 -4 4 -9 

100 100 100 100 100 100 100 100 100 
12 12 6 -1 -15 -3 4 -7 6 
7 -11 3 19 16 5 -1 -1 1 
100 100 100 100 100 100 100 100 100 
100 100 100 100 100 100 100 100 100 
-14 -5 -8 15 4 18 23 16 6 
28 5 8 9 5 -10 10 1 5 
4 2 25 7 -22 9 -7 15 14 
-1 18 14 2 23 5 4 -4 9 
