9 9
-100 -100 -100 -100 -100 -100 -100 -100 -100 
-20 -13 -100 -7 -11 3 -19 -15 -14 
-24 -2 -100 -10 -11 -18 -12 -21 -10 
-16 -17 -100 -7 2 -19 -27 -27 -26 
-100 -100 -100 -100 -100 -100 -100 -100 -100 
-16 -30 -100 -17 -21 -30 -13 -21 -24 
3 -21 -100 -27 -33 2 -14 -29 -23 
-15 -24 -100 -17 -26 -5 -28 -21 -15 
-16 -15 -100 -17 -29 -5 -5 -27 -3 

100 100 100 100 100 100 100 100 100 
20 13 100 7 11 -3 19 15 14 
24 2 100 10 11 18 12 21 10 
16 17 100 7 -2 19 27 27 26 
100 100 100 100 100 100 100 100 100 
16 30 100 17 21 30 13 21 24 
-3 21 100 27 33 -2 14 29 23 
15 24 100 17 26 5 28 21 15 
16 15 100 17 29 5 5 27 3 
