9 9
-100 -100 -100 -100 -100 -100 -100 -100 -100 
-8 12 6 -3 -16 1 -1 -17 7 
2 7 4 -5 13 10 -2 -10 10 
-5 4 15 -10 2 -4 -2 -12 -2 
-100 -100 -100 -100 -100 -100 -100 -100 -100 
2 7 -24 14 3 -3 -3 -5 -4 
-10 -6 -5 -13 -4 5 0 -4 3 
-12 2 -2 7 7 -19 3 5 1 
4 14 12 8 -4 2 13 -10 7 

100 100 100 100 100 100 100 100 100 
8 -12 -6 3 16 -1 1 17 -7 
-2 -7 -4 5 -13 -10 2 10 -10 
5 -4 -15 10 -2 4 2 12 2 
100 100 100 100 100 100 100 100 100 
-2 -7 24 -14 -3 3 3 5 4 
10 6 5 13 4 -5 -0 4 -3 
12 -2 2 -7 -7 19 -3 -5 -1 
-4 -14 -12 -8 4 -2 -13 10 -7 
