9 9
-100 -100 -100 -100 -100 -100 -100 -100 -100 
-100 -10 0 -2 -14 -5 -17 -26 -1 
-100 6 -15 -9 -22 2 -4 4 -9 
-100 -100 -100 -100 -100 -100 -100 -100 -100 
-100 -100 -100 -100 -100 -100 -100 -100 -100 
-100 -21 -3 -8 2 4 -3 -11 -12 
-100 -2 -13 -3 -14 -21 -5 -10 -1 
-100 12 -14 -7 -15 -9 -3 4 2 
-100 -16 -35 5 2 -1 -7 -14 -2 

100 100 100 100 100 100 100 100 100 
100 10 -0 2 14 5 17 26 1 
100 -6 15 9 22 -2 4 -4 9 
100 100 100 100 100 100 100 100 100 
100 100 100 100 100 100 100 100 100 
100 21 3 8 -2 -4 3 11 12 
100 2 13 3 14 21 5 10 1 
100 -12 14 7 15 9 3 -4 -2 
100 16 35 -5 -2 1 7 14 2 
