9 9
-9 -18 -8 1 15 -16 2 -9 -12 
-15 -11 -8 -6 -23 -9 -3 -12 -4 
-2 -16 -30 10 -15 -2 -11 -19 2 
-100 -100 -100 -100 -100 -100 -100 -100 -100 
-25 -6 -6 -19 -1 -13 -32 -5 2 
-12 -9 -14 6 -9 -26 -3 -26 -11 
-6 -9 1 -8 -12 -25 -11 -12 -19 
-100 -100 -100 -100 -100 -100 -100 -100 -100 
-26 -15 8 -7 10 -7 1 6 -3 

9 18 8 -1 -15 16 -2 9 12 
15 11 8 6 23 9 3 12 4 
2 16 30 -10 15 2 11 19 -2 
100 100 100 100 100 100 100 100 100 
25 6 6 19 1 13 32 5 -2 
12 9 14 -6 9 26 3 26 11 
6 9 -1 8 12 25 11 12 19 
100 100 100 100 100 100 100 100 100 
26 15 -8 7 -10 7 -1 -6 3 
