9 9
-100 -100 -100 -100 -100 -100 -100 -100 -100 
-2 -9 -1 -7 -18 -13 -5 -10 -16 
-5 -5 -10 17 0 -8 -19 -1 -14 
0 -9 -18 -21 -3 -13 -1 -10 -41 
-100 -100 -100 -100 -100 -100 -100 -100 -100 
-14 10 -22 -3 -5 -8 0 6 -5 
5 9 -3 -4 -10 -15 -9 7 -17 
4 -11 -12 -20 -16 -8 -36 -11 3 
-6 -13 0 5 -1 -9 11 -3 -21 

100 100 100 100 100 100 100 100 100 
2 9 1 7 18 13 5 10 16 
5 5 10 -17 -0 8 19 1 14 
-0 9 18 21 3 13 1 10 41 
100 100 100 100 100 100 100 100 100 
14 -10 22 3 5 8 -0 -6 5 
-5 -9 3 4 10 15 9 -7 17 
-4 11 12 20 16 8 36 11 -3 
6 13 -0 -5 1 9 -11 3 21 
