9 9
-100 -100 -100 -100 -100 -100 -100 -100 -100 
-32 -19 -29 -14 -100 -100 -100 -100 -100 
-8 -10 -16 -9 -100 -100 -100 -100 -100 
-18 -12 -23 -11 -100 -100 -100 -100 -100 
-100 -100 -100 -100 -100 -100 -100 -100 -100 
-17 -10 -10 -10 -100 -100 -100 -100 -100 
-13 -7 -26 -16 -100 -100 -100 -100 -100 
-15 -11 -11 -25 -100 -100 -100 -100 -100 
-12 -26 -1 -25 -100 -100 -100 -100 -100 

100 100 100 100 100 100 100 100 100 
32 19 29 14 100 100 100 100 100 
8 10 16 9 100 100 100 100 100 
18 12 23 11 100 100 100 100 100 
100 100 100 100 100 100 100 100 100 
17 10 10 10 100 100 100 100 100 
13 7 26 16 100 100 100 100 100 
15 11 11 25 100 100 100 100 100 
12 26 1 25 100 100 100 100 100 
