9 9
-100 -100 -100 -100 -100 -100 -100 -100 -100 
-4 -100 3 -5 -8 -100 -22 -6 -23 
-13 -100 -2 -10 -12 -100 9 1 5 
-5 -100 11 -11 -3 -100 -2 2 -18 
-100 -100 -100 -100 -100 -100 -100 -100 -100 
-13 -100 8 -9 -1 -100 -13 -12 -8 
1 -100 -20 -10 -6 -100 -3 -4 -11 
-12 -100 7 -25 -3 -100 -12 -8 -15 
6 -100 8 -21 -9 -100 16 8 -11 

100 100 100 100 100 100 100 100 100 
4 100 -3 5 8 100 22 6 23 
13 100 2 10 12 100 -9 -1 -5 
5 100 -11 11 3 100 2 -2 18 
100 100 100 100 100 100 100 100 100 
13 100 -8 9 1 100 13 12 8 
-1 100 20 10 6 100 3 4 11 
12 100 -7 25 3 100 12 8 15 
-6 100 -8 21 9 100 -16 -8 11 
