9 9
-100 -100 -100 -100 -100 -100 -100 -100 -100 
-13 -23 -25 -38 -12 -16 7 -6 -3 
-37 -26 -15 -27 -31 -21 -18 -25 -11 
-15 -16 -12 -29 -31 1 -11 -10 -27 
-100 -100 -100 -100 -100 -100 -100 -100 -100 
-31 -14 -15 -24 -33 -7 -40 -26 -8 
-6 -24 -11 -15 -19 -17 -28 -30 -19 
-15 -32 -20 -26 -8 -14 -19 -26 -8 
-28 -10 -12 -26 -30 -15 -37 -5 -26 

100 100 100 100 100 100 100 100 100 
13 23 25 38 12 16 -7 6 3 
37 26 15 27 31 21 18 25 11 
15 16 12 29 31 -1 11 10 27 
100 100 100 100 100 100 100 100 100 
31 14 15 24 33 7 40 26 8 
6 24 11 15 19 17 28 30 19 
15 32 20 26 8 14 19 26 8 
28 10 12 26 30 15 37 5 26 
