9 9
-100 -100 -100 -100 -100 -100 -100 -100 -100 
1 -1 -1 -9 -19 12 5 -7 -4 
11 -6 8 -6 -12 -16 -9 7 -11 
1 0 -9 -2 -14 14 -1 -11 -8 
-100 -100 -100 -100 -100 -100 -100 -100 -100 
6 -1 -4 -3 -4 5 9 -3 20 
-4 -10 4 -3 8 14 11 -12 9 
-9 8 16 -22 -16 -10 -12 -3 -18 
-5 10 -9 13 7 -8 -12 -10 -20 

100 100 100 100 100 100 100 100 100 
-1 1 1 9 19 -12 -5 7 4 
-11 6 -8 6 12 16 9 -7 11 
-1 -0 9 2 14 -14 1 11 8 
100 100 100 100 100 100 100 100 100 
-6 1 4 3 4 -5 -9 3 -20 
4 10 -4 3 -8 -14 -11 12 -9 
9 -8 -16 22 16 10 12 3 18 
5 -10 9 -13 -7 8 12 10 20 
