9 9
-100 -100 -100 -100 -100 -100 -100 -100 -100 
-22 -11 -32 -19 -100 -100 -100 -100 -100 
-1 -2 -16 -22 -100 -100 -100 -100 -100 
-11 -38 -21 -17 -100 -100 -100 -100 -100 
-100 -100 -100 -100 -100 -100 -100 -100 -100 
-14 -17 -8 -6 -100 -100 -100 -100 -100 
-28 -27 0 -14 -100 -100 -100 -100 -100 
-31 -19 -14 -23 -100 -100 -100 -100 -100 
-3 -19 -28 -36 -100 -100 -100 -100 -100 

100 100 100 100 100 100 100 100 100 
22 11 32 19 100 100 100 100 100 
1 2 16 22 100 100 100 100 100 
11 38 21 17 100 100 100 100 100 
100 100 100 100 100 100 100 100 100 
14 17 8 6 100 100 100 100 100 
28 27 -0 14 100 100 100 100 100 
31 19 14 23 100 100 100 100 100 
3 19 28 36 100 100 100 100 100 
