9 9
-100 3 -100 11 -100 -9 22 -3 2 
-100 -100 -100 -100 -100 -100 -100 -100 -100 
-100 2 -100 4 -100 -12 10 3 13 
-100 -100 -100 -100 -100 -100 -100 -100 -100 
-100 5 -100 -3 -100 -9 3 -15 -17 
-100 -100 -100 -100 -100 -100 -100 -100 -100 
-100 -1 -100 -4 -100 15 3 -15 1 
-100 -100 -100 -100 -100 -100 -100 -100 -100 
-100 11 -100 -1 -100 -8 19 11 0 

100 -3 100 -11 100 9 -22 3 -2 
100 100 100 100 100 100 100 100 100 
100 -2 100 -4 100 12 -10 -3 -13 
100 100 100 100 100 100 100 100 100 
100 -5 100 3 100 9 -3 15 17 
100 100 100 100 100 100 100 100 100 
100 1 100 4 100 -15 -3 15 -1 
100 100 100 100 100 100 100 100 100 
100 -11 100 1 100 8 -19 -11 -0 
