9 9
-100 -100 -100 -100 -100 -100 -100 -100 -100 
-100 -100 -100 -100 -100 -100 -100 -100 -100 
-5 12 3 -10 26 -9 -12 -13 -13 
-2 1 -14 3 3 11 -7 -1 8 
-100 -100 -100 -100 -100 -100 -100 -100 -100 
-100 -100 -100 -100 -100 -100 -100 -100 -100 
-100 -100 -100 -100 -100 -100 -100 -100 -100 
-100 -100 -100 -100 -100 -100 -100 -100 -100 
-100 -100 -100 -100 -100 -100 -100 -100 -100 

100 100 100 100 100 100 100 100 100 
100 100 100 100 100 100 100 100 100 
5 -12 -3 10 -26 9 12 13 13 
2 -1 14 -3 -3 -11 7 1 -8 
100 100 100 100 100 100 100 100 100 
100 100 100 100 100 100 100 100 100 
100 100 100 100 100 100 100 100 100 
100 100 100 100 100 100 100 100 100 
100 100 100 100 100 100 100 100 100 
