9 9
-100 -100 -100 -100 -100 -100 -100 -100 -100 
-22 -20 -9 5 -100 -100 -100 -100 -100 
-31 -1 -15 -30 -100 -100 -100 -100 -100 
-26 -24 -7 -18 -100 -100 -100 -100 -100 
-100 -100 -100 -100 -100 -100 -100 -100 -100 
-19 -19 -22 -10 -100 -100 -100 -100 -100 
-32 -11 0 -20 -100 -100 -100 -100 -100 
-21 -19 -19 3 -100 -100 -100 -100 -100 
-13 -21 -10 -24 -100 -100 -100 -100 -100 

100 100 100 100 100 100 100 100 100 
22 20 9 -5 100 100 100 100 100 
31 1 15 30 100 100 100 100 100 
26 24 7 18 100 100 100 100 100 
100 100 100 100 100 100 100 100 100 
19 19 22 10 100 100 100 100 100 
32 11 -0 20 100 100 100 100 100 
21 19 19 -3 100 100 100 100 100 
13 21 10 24 100 100 100 100 100 
