9 9
-100 -100 -100 -100 -100 -100 -100 -100 -100 
-100 -100 -100 -34 -15 -15 -100 -34 -35 
-100 -100 -100 -32 -25 -14 -100 -36 -29 
-100 -100 -100 -32 -35 -33 -100 -39 -42 
-100 -100 -100 -100 -100 -100 -100 -100 -100 
-100 -100 -100 -28 -34 -38 -100 -39 -40 
-100 -100 -100 -19 -25 -24 -100 -33 -51 
-100 -100 -100 -34 -19 0 -100 -20 -45 
-100 -100 -100 -44 -36 -36 -100 -43 -31 

100 100 100 100 100 100 100 100 100 
100 100 100 34 15 15 100 34 35 
100 100 100 32 25 14 100 36 29 
100 100 100 32 35 33 100 39 42 
100 100 100 100 100 100 100 100 100 
100 100 100 28 34 38 100 39 40 
100 100 100 19 25 24 100 33 51 
100 100 100 34 19 -0 100 20 45 
100 100 100 44 36 36 100 43 31 
