9 9
-100 -100 -100 -100 -100 -100 -100 -100 -100 
-16 -2 -4 -30 -4 -6 -19 0 1 
-22 -5 -1 -23 -16 9 -12 -3 -15 
-31 -18 -6 -18 -13 -13 -25 -17 -19 
-100 -100 -100 -100 -100 -100 -100 -100 -100 
8 -2 10 -24 -11 -15 -19 -7 -6 
-26 -2 -18 -14 -19 -23 -6 -26 -5 
-5 -16 -14 -13 -25 4 -27 -21 -7 
-2 -4 -15 -11 -23 -13 -8 -1 -9 

100 100 100 100 100 100 100 100 100 
16 2 4 30 4 6 19 -0 -1 
22 5 1 23 16 -9 12 3 15 
31 18 6 18 13 13 25 17 19 
100 100 100 100 100 100 100 100 100 
-8 2 -10 24 11 15 19 7 6 
26 2 18 14 19 23 6 26 5 
5 16 14 13 25 -4 27 21 7 
2 4 15 11 23 13 8 1 9 
