9 9
-100 -100 -100 -100 -100 -100 -100 -100 -100 
-5 -19 6 -10 1 -8 -15 9 0 
4 11 9 -21 10 3 -5 12 5 
4 -10 -7 5 -6 -3 -16 6 12 
-100 -100 -100 -100 -100 -100 -100 -100 -100 
-7 0 -16 -18 6 -7 -17 -19 -15 
-8 -3 22 -6 -17 18 -11 -11 -3 
1 -18 -21 -4 4 0 -19 -12 -22 
8 -8 -5 -8 9 -6 -5 0 7 

100 100 100 100 100 100 100 100 100 
5 19 -6 10 -1 8 15 -9 -0 
-4 -11 -9 21 -10 -3 5 -12 -5 
-4 10 7 -5 6 3 16 -6 -12 
100 100 100 100 100 100 100 100 100 
7 -0 16 18 -6 7 17 19 15 
8 3 -22 6 17 -18 11 11 3 
-1 18 21 4 -4 -0 19 12 22 
-8 8 5 8 -9 6 5 -0 -7 
