9 9
-100 -6 -100 -15 -100 -15 -100 -6 -3 
-100 -100 -100 -100 -100 -100 -100 -100 -100 
-100 0 -100 2 -100 6 -100 0 -23 
-100 -100 -100 -100 -100 -100 -100 -100 -100 
-100 8 -100 -15 -100 11 -100 -1 -26 
-100 -100 -100 -100 -100 -100 -100 -100 -100 
-100 -1 -100 -11 -100 -3 -100 -5 -4 
-100 -100 -100 -100 -100 -100 -100 -100 -100 
-100 -4 -100 -15 -100 1 -100 -1 -13 

100 6 100 15 100 15 100 6 3 
100 100 100 100 100 100 100 100 100 
100 -0 100 -2 100 -6 100 -0 23 
100 100 100 100 100 100 100 100 100 
100 -8 100 15 100 -11 100 1 26 
100 100 100 100 100 100 100 100 100 
100 1 100 11 100 3 100 5 4 
100 100 100 100 100 100 100 100 100 
100 4 100 15 100 -1 100 1 13 
