9 9
-15 -28 -30 -28 -27 -19 -15 -34 -13 
-5 -24 -14 -18 -6 -9 -15 -7 -19 
-100 -100 -100 -100 -100 -100 -100 -100 -100 
-100 -100 -100 -100 -100 -100 -100 -100 -100 
1 -3 -5 -8 -1 -4 -6 -14 -22 
0 -24 -21 -15 1 4 -10 3 -17 
-100 -100 -100 -100 -100 -100 -100 -100 -100 
-100 -100 -100 -100 -100 -100 -100 -100 -100 
-23 -11 -3 -21 -16 -5 -10 -14 -13 

15 28 30 28 27 19 15 34 13 
5 24 14 18 6 9 15 7 19 
100 100 100 100 100 100 100 100 100 
100 100 100 100 100 100 100 100 100 
-1 3 5 8 1 4 6 14 22 
-0 24 21 15 -1 -4 10 -3 17 
100 100 100 100 100 100 100 100 100 
100 100 100 100 100 100 100 100 100 
23 11 3 21 16 5 10 14 13 
