9 9
-100 -100 -100 -100 -100 -100 -100 -100 -100 
-17 -29 -100 -18 -23 -16 -17 -25 -13 
-23 -30 -100 -21 -31 -5 -19 -8 -21 
-13 3 -100 -8 -33 -18 -13 -30 -18 
-100 -100 -100 -100 -100 -100 -100 -100 -100 
-34 -16 -100 -15 -23 -32 -27 -21 -13 
-25 -31 -100 -17 -21 -26 -31 -14 12 
-13 -31 -100 -21 -29 -20 -21 -17 -19 
-25 -13 -100 -8 -16 -11 -16 -31 -14 

100 100 100 100 100 100 100 100 100 
17 29 100 18 23 16 17 25 13 
23 30 100 21 31 5 19 8 21 
13 -3 100 8 33 18 13 30 18 
100 100 100 100 100 100 100 100 100 
34 16 100 15 23 32 27 21 13 
25 31 100 17 21 26 31 14 -12 
13 31 100 21 29 20 21 17 19 
25 13 100 8 16 11 16 31 14 
