9 9
-100 -100 -100 -100 -100 -100 -100 -100 -100 
4 -17 -19 0 5 -17 -7 1 -11 
8 -11 -4 12 17 4 -3 2 -5 
-13 -14 8 -28 -17 -13 -10 -1 -8 
-100 -100 -100 -100 -100 -100 -100 -100 -100 
3 11 -5 -1 10 -4 -15 -1 -9 
-15 -7 11 10 -11 2 -6 -6 -13 
-1 9 -6 -25 -14 -9 -11 -15 -8 
-16 -7 -6 3 13 3 -14 -19 11 

100 100 100 100 100 100 100 100 100 
-4 17 19 -0 -5 17 7 -1 11 
-8 11 4 -12 -17 -4 3 -2 5 
13 14 -8 28 17 13 10 1 8 
100 100 100 100 100 100 100 100 100 
-3 -11 5 1 -10 4 15 1 9 
15 7 -11 -10 11 -2 6 6 13 
1 -9 6 25 14 9 11 15 8 
16 7 6 -3 -13 -3 14 19 -11 
