9 9
-20 -22 -24 -16 -100 -100 -100 -100 -100 
-20 -5 -1 -17 -100 -100 -100 -100 -100 
-22 -30 -22 -21 -100 -100 -100 -100 -100 
-6 -22 -9 -28 -100 -100 -100 -100 -100 
-8 -27 -19 -18 -100 -100 -100 -100 -100 
-21 -7 -18 -14 -100 -100 -100 -100 -100 
-20 -17 6 -19 -100 -100 -100 -100 -100 
-10 -18 -19 -18 -100 -100 -100 -100 -100 
2 -6 7 -10 -100 -100 -100 -100 -100 

20 22 24 16 100 100 100 100 100 
20 5 1 17 100 100 100 100 100 
22 30 22 21 100 100 100 100 100 
6 22 9 28 100 100 100 100 100 
8 27 19 18 100 100 100 100 100 
21 7 18 14 100 100 100 100 100 
20 17 -6 19 100 100 100 100 100 
10 18 19 18 100 100 100 100 100 
-2 6 -7 10 100 100 100 100 100 
