9 9
-40 -3 8 -7 -15 -6 7 -1 -23 
-14 -5 -11 -28 -12 -12 -9 17 -12 
-4 -11 4 -8 -34 -7 -2 -16 -3 
-100 -100 -100 -100 -100 -100 -100 -100 -100 
-5 -17 -18 -14 -3 -11 -3 -3 -7 
-4 6 7 -22 -6 -16 -7 -5 -22 
-11 -21 1 -20 2 -12 -6 -7 -8 
-100 -100 -100 -100 -100 -100 -100 -100 -100 
-10 -14 -4 -13 -8 -6 0 4 5 

40 3 -8 7 15 6 -7 1 23 
14 5 11 28 12 12 9 -17 12 
4 11 -4 8 34 7 2 16 3 
100 100 100 100 100 100 100 100 100 
5 17 18 14 3 11 3 3 7 
4 -6 -7 22 6 16 7 5 22 
11 21 -1 20 -2 12 6 7 8 
100 100 100 100 100 100 100 100 100 
10 14 4 13 8 6 -0 -4 -5 
