9 9
-100 -8 -37 -28 -100 -25 -10 -6 -16 
-100 -100 -100 -100 -100 -100 -100 -100 -100 
-100 0 -23 -12 -100 -29 -33 -3 -15 
-100 -100 -100 -100 -100 -100 -100 -100 -100 
-100 -26 -21 -25 -100 9 -19 -10 -7 
-100 -100 -100 -100 -100 -100 -100 -100 -100 
-100 -19 -16 -19 -100 -11 -28 -46 -11 
-100 -100 -100 -100 -100 -100 -100 -100 -100 
-100 -25 -24 -23 -100 -12 -20 -21 -17 

100 8 37 28 100 25 10 6 16 
100 100 100 100 100 100 100 100 100 
100 -0 23 12 100 29 33 3 15 
100 100 100 100 100 100 100 100 100 
100 26 21 25 100 -9 19 10 7 
100 100 100 100 100 100 100 100 100 
100 19 16 19 100 11 28 46 11 
100 100 100 100 100 100 100 100 100 
100 25 24 23 100 12 20 21 17 
