9 9
-100 -100 -100 -100 -100 -100 -100 -100 -100 
-9 -4 0 -15 -21 -11 5 -9 -25 
-22 0 -24 -5 -16 -15 -17 -3 -5 
-3 -22 2 -12 -15 -19 -16 -13 -22 
-100 -100 -100 -100 -100 -100 -100 -100 -100 
-23 -7 -3 -17 -21 -44 -16 2 -24 
-20 -18 -1 -2 -14 -31 -27 -29 -13 
-6 -13 -29 9 3 -24 -26 -6 -2 
-10 -16 -6 1 -25 -23 -10 -14 -8 

100 100 100 100 100 100 100 100 100 
9 4 -0 15 21 11 -5 9 25 
22 -0 24 5 16 15 17 3 5 
3 22 -2 12 15 19 16 13 22 
100 100 100 100 100 100 100 100 100 
23 7 3 17 21 44 16 -2 24 
20 18 1 2 14 31 27 29 13 
6 13 29 -9 -3 24 26 6 2 
10 16 6 -1 25 23 10 14 8 
