9 9
-100 -100 -100 -100 -100 -100 -100 -100 -100 
-46 -46 -28 -46 -14 -27 -45 -46 -27 
-34 -18 -33 -38 -36 -48 -19 -24 -34 
-100 -100 -100 -100 -100 -100 -100 -100 -100 
-100 -100 -100 -100 -100 -100 -100 -100 -100 
-30 -54 -34 -27 -43 -55 -41 -26 -27 
-33 -26 -42 -32 -28 -41 -50 -45 -34 
-100 -100 -100 -100 -100 -100 -100 -100 -100 
-28 -37 -42 -46 -43 -37 -42 -39 -31 

100 100 100 100 100 100 100 100 100 
46 46 28 46 14 27 45 46 27 
34 18 33 38 36 48 19 24 34 
100 100 100 100 100 100 100 100 100 
100 100 100 100 100 100 100 100 100 
30 54 34 27 43 55 41 26 27 
33 26 42 32 28 41 50 45 34 
100 100 100 100 100 100 100 100 100 
28 37 42 46 43 37 42 39 31 
