9 9
-100 -100 -100 -100 -100 -100 -100 -100 -100 
10 -20 -9 -29 8 -18 8 -7 -3 
2 -1 -12 -15 -26 -14 7 -4 7 
-7 -5 -4 -7 -9 2 -5 -17 -13 
-100 -100 -100 -100 -100 -100 -100 -100 -100 
-11 6 -19 -2 -1 5 -6 -8 -6 
-14 -5 -12 4 -10 1 -19 -6 -7 
-14 -14 -4 -5 -5 -6 -34 2 8 
-2 -14 -11 -10 -22 -16 -7 13 -6 

100 100 100 100 100 100 100 100 100 
-10 20 9 29 -8 18 -8 7 3 
-2 1 12 15 26 14 -7 4 -7 
7 5 4 7 9 -2 5 17 13 
100 100 100 100 100 100 100 100 100 
11 -6 19 2 1 -5 6 8 6 
14 5 12 -4 10 -1 19 6 7 
14 14 4 5 5 6 34 -2 -8 
2 14 11 10 22 16 7 -13 6 
