9 9
-100 -100 -100 -100 -100 -100 -100 -100 -100 
-11 -13 -11 -1 -14 -6 -4 2 -5 
-11 -20 -20 -24 -4 -19 -28 -6 -16 
-27 -33 -14 -15 -21 -14 -11 -19 -17 
-100 -100 -100 -100 -100 -100 -100 -100 -100 
-23 -9 -19 -26 -20 -7 -23 1 -25 
-17 -17 -15 -9 -11 -27 -26 -10 -31 
-10 -8 -18 -16 -23 -7 -29 -24 -12 
-15 -9 -28 -16 -26 -23 -30 -7 -4 

100 100 100 100 100 100 100 100 100 
11 13 11 1 14 6 4 -2 5 
11 20 20 24 4 19 28 6 16 
27 33 14 15 21 14 11 19 17 
100 100 100 100 100 100 100 100 100 
23 9 19 26 20 7 23 -1 25 
17 17 15 9 11 27 26 10 31 
10 8 18 16 23 7 29 24 12 
15 9 28 16 26 23 30 7 4 
