9 9
-3 0 -13 -27 -16 -8 -6 -10 5 
-4 -22 -9 -4 6 -4 -4 -19 -6 
-15 -24 -17 -4 -19 -13 -2 -8 -20 
-100 -100 -100 -100 -100 -100 -100 -100 -100 
-34 3 -17 -12 -20 -17 4 -6 -8 
-25 -1 -15 -41 -17 0 -15 -11 -22 
-3 -20 -15 5 2 -8 -5 -10 -9 
-100 -100 -100 -100 -100 -100 -100 -100 -100 
4 -1 -1 -22 -4 -9 -24 -3 -17 

3 -0 13 27 16 8 6 10 -5 
4 22 9 4 -6 4 4 19 6 
15 24 17 4 19 13 2 8 20 
100 100 100 100 100 100 100 100 100 
34 -3 17 12 20 17 -4 6 8 
25 1 15 41 17 -0 15 11 22 
3 20 15 -5 -2 8 5 10 9 
100 100 100 100 100 100 100 100 100 
-4 1 1 22 4 9 24 3 17 
