9 9
200 -1167 33 0 -800 233 200 -1933 -133 
1500 -567 -467 0 233 -933 833 67 -500 
2000 933 2133 0 1300 1700 367 1367 2067 
900 133 -433 0 -700 -633 -10000 -700 333 
1733 33 -233 0 567 467 -10000 33 600 
1800 -900 533 0 -133 -233 -10000 33 -333 
67 133 267 0 -767 100 -10000 233 267 
133 -300 10000 0 10000 10000 0 10000 10000 
1300 -500 1100 0 -700 167 -10000 300 533 

-200 1167 -33 -0 800 -233 -200 1933 133 
-1500 567 467 -0 -233 933 -833 -67 500 
-2000 -933 -2133 -0 -1300 -1700 -367 -1367 -2067 
-900 -133 433 -0 700 633 10000 700 -333 
-1733 -33 233 -0 -567 -467 10000 -33 -600 
-1800 900 -533 -0 133 233 10000 -33 333 
-67 -133 -267 -0 767 -100 10000 -233 -267 
-133 300 -10000 -0 -10000 -10000 -0 -10000 -10000 
-1300 500 -1100 -0 700 -167 10000 -300 -533 